[6, 2, 2, 19] [10, 12, 12, 15] [9, 11, 2, 3] [8, 14, 5, 16] [11, 17, 16, 6] [12, 13, 4] [18, 4, 7, 8] [10, 1, 12] [7, 5, 11, 3] [14, 1, 6, 1] [10, 5, 4, 15] [16, 0, 9, 1] [18, 2, 16, 19] [9, 18, 6] [13, 7, 18, 14] [0, 13, 19, 17] [10, 7, 4] [14, 0, 15, 17] [0, 15, 9, 13] [5, 3, 11, 19] [17, 8] [3, 8] 
[10, 13, 6, 19] [14, 12, 18] [6, 14, 2, 3] [14, 9, 15, 9] [7, 11, 10, 3] [14, 9, 8, 0] [11, 5, 16] [1, 7, 9, 1] [0, 13, 1, 6] [5, 4, 18, 5] [16, 17, 7, 4] [8, 3, 2, 3] [4, 17, 13, 17] [15, 18, 12, 18] [5, 2, 4, 16] [17, 15, 0, 7] [12, 16, 10, 19] [11, 15, 0, 11] [10, 8, 1, 8] [13, 19, 6, 19] [] [2, 12] 
[10, 13, 6, 19] [14, 12] [3, 6, 14, 2] [14, 9, 15] [7, 11, 10, 3] [14, 9, 8, 0] [11, 5, 16, 16] [1, 7, 9] [0, 13, 1, 6] [2, 18, 5] [16, 17, 7, 4] [8, 3, 2, 3] [4, 17, 13, 17] [15, 18, 12, 18] [5, 2, 4] [17, 15, 0, 7] [12, 16, 10, 19] [11, 15, 0, 11] [10, 8, 1, 9] [13, 19, 6, 19] [12, 18, 1] [8, 4, 5] 
[10, 13, 6, 19] [14, 12, 18, 1] [6, 14, 2, 3] [14, 9, 15, 9] [7, 11, 10, 3] [14, 9, 8, 0] [11, 5, 16] [1, 7, 9] [0, 13, 1, 6] [5, 4, 8, 5] [16, 17, 7, 4] [8, 3, 2, 3] [4, 17, 13, 17] [15, 18, 12, 18] [5, 2, 4, 16] [17, 15, 0, 7] [12, 16, 10, 19] [11, 15, 0, 11] [10, 8, 1, 18] [13, 19, 6, 19] [] [2, 12] 
[6, 2, 2, 19] [10, 12, 12, 15] [9, 11, 2, 3] [8, 14, 5, 16] [11, 17, 16, 6] [12, 13, 4, 8] [18, 4, 7, 8] [10, 1, 12] [7, 5, 11, 3] [14, 1, 6, 1] [10, 5, 4, 15] [16, 0, 9, 1] [18, 2, 16, 19] [9, 18, 6] [13, 7, 18, 14] [0, 13, 19, 17] [10, 7, 4] [14, 0, 15, 17] [0, 15, 9, 13] [5, 3, 11, 19] [17] [3, 8] 
[6, 2, 13, 19] [4, 12, 12, 8] [9, 11, 2, 3] [8, 14, 5, 16] [11, 17, 4] [12, 4, 8, 13] [18, 10, 7, 8] [1, 12, 10, 15] [5, 7, 11, 3] [17, 1, 14, 1] [10, 5, 4, 15] [16, 0, 9] [18, 2, 16] [9, 18, 6, 6] [14, 7, 18, 13] [0, 13, 19, 0] [10, 7, 16, 3] [0, 17, 15, 14] [17, 15, 9, 2] [5, 3, 11, 19] [1] [19, 6] 
[6, 2, 2] [10, 12, 12, 8] [9, 11, 2, 3] [8, 14, 5, 16] [11, 17, 16, 6] [12, 4, 8, 13] [18, 4, 7, 8] [1, 12, 10, 15] [5, 7, 11, 3] [17, 1, 14, 1] [10, 5, 4, 15] [16, 0, 9, 1] [18, 2, 6] [9, 18, 16, 6] [13, 5, 18, 14] [19, 0, 13, 0] [10, 7, 4, 3] [14, 0, 15, 17] [17, 15, 9, 13] [7, 3, 11, 19] [19] [19] 
[10, 13, 6, 19] [14, 12] [3, 6, 14, 2] [14, 9, 15, 9] [7, 11, 10, 3] [14, 9, 8, 0] [11, 5, 16, 5] [1, 7, 9, 1] [0, 13, 1, 6] [2, 18] [16, 17, 7, 4] [8, 3, 2, 3] [4, 17, 13, 17] [15, 18, 12, 18] [5, 2, 4, 18] [17, 15, 0, 7] [12, 16, 10, 19] [11, 15, 0, 11] [10, 8, 1] [13, 19, 6, 19] [12] [8, 4, 5, 16] 
[10, 13, 6, 19] [14, 12] [3, 6, 14, 2] [14, 9, 15, 9] [7, 11, 10, 3] [14, 9, 8, 0] [11, 5, 16] [1, 7, 9, 1] [0, 13, 1, 6] [2, 18, 5] [16, 17, 7, 4] [8, 3, 2, 3] [4, 17, 13, 17] [15, 18, 12, 18] [5, 2, 4, 18] [17, 15, 0, 7] [12, 16, 10, 19] [11, 15, 0, 11] [10, 8, 1] [13, 19, 6, 19] [12] [8, 4, 5, 16] 
[6, 2, 13, 19] [4, 12, 12, 8] [9, 11, 2, 3] [8, 14, 5] [11, 17, 4, 6] [12, 4, 8, 13] [18, 10, 7, 8] [1, 12, 10, 15] [5, 7, 11, 3] [17, 1, 14, 1] [10, 5, 4, 15] [16, 0, 9, 1] [18, 2, 16, 6] [9, 18, 6] [13, 7, 18, 14] [0, 13, 19, 0] [10, 7, 16, 3] [0, 17, 15, 14] [17, 15, 9, 2] [5, 3, 11, 19] [16] [19] 
[10, 13, 6, 19] [14, 12, 4, 12] [3, 6, 14, 2] [14, 9, 15, 9] [7, 11, 10, 3] [14, 9, 8, 0] [11, 5, 16, 16] [7, 1, 9, 1] [0, 13, 1, 6] [5, 2, 18, 5] [16, 17, 7, 4] [8, 3, 2, 3] [4, 17, 13, 17] [15, 18, 12, 5] [18, 2, 4, 18] [17, 15, 0, 7] [12, 16, 10, 19] [11, 15, 0, 11] [10, 8, 1] [13, 19, 6, 19] [] [8] 
[6, 2, 13, 19] [4, 10, 12, 8] [9, 11, 2, 3] [8, 14, 5] [11, 17, 4, 6] [12, 4, 8] [18, 10, 7, 8] [1, 12, 10, 15] [5, 7, 11, 3] [17, 1, 14, 1] [10, 5, 4, 15] [16, 0, 9, 1] [18, 2, 16, 6] [9, 18, 6] [13, 7, 18, 14] [0, 13, 19, 0] [12, 7, 16, 3] [0, 17, 15, 14] [17, 15, 9, 2] [5, 3, 11, 19] [16, 19, 13] [] 
[10, 13, 6, 19] [14, 12, 4, 16] [3, 6, 14, 2] [14, 9, 15, 9] [7, 11, 10, 3] [14, 9, 8, 0] [11, 5, 16] [7, 1, 9, 1] [0, 13, 1, 6] [5, 2, 18] [16, 17, 7, 4] [8, 3, 2, 3] [4, 17, 13, 17] [15, 18, 12, 5] [18, 2, 4, 18] [17, 15, 11, 7] [12, 16, 10, 19] [0, 15, 0, 11] [10, 8, 1, 5] [13, 19, 6, 19] [12] [8] 
[10, 13, 6, 19] [14, 12, 4, 16] [3, 6, 14, 2] [14, 9, 15, 9] [7, 11, 10, 3] [14, 9, 8, 0] [11, 5, 16] [7, 1, 9, 1] [0, 13, 1, 6] [5, 2, 18, 5] [16, 17, 7, 4] [8, 3, 2, 3] [4, 17, 13, 17] [15, 18, 12, 5] [18, 2, 4, 18] [17, 15, 11, 7] [12, 16, 10, 19] [0, 15, 0, 11] [10, 8, 1] [13, 19, 6, 19] [12] [8] 
[6, 2, 13, 19] [4, 10, 12, 8] [9, 11, 2, 3] [8, 14, 5] [11, 17, 4, 6] [12, 4, 8, 13] [18, 10, 7, 8] [1, 12, 10, 15] [5, 7, 11, 3] [17, 1, 14, 1] [10, 5, 4, 15] [16, 0, 9, 1] [18, 2, 16, 6] [9, 18, 6] [13, 7, 18, 14] [0, 13, 19, 0] [12, 7, 16, 3] [0, 17, 15, 14] [17, 15, 9, 2] [5, 3, 11, 19] [16] [19] 
[10, 13, 6, 19] [14, 12, 18] [6, 14, 2, 3] [14, 9, 8, 9] [7, 11, 10, 3] [14, 9, 15, 0] [11, 5, 16, 16] [1, 7, 9, 1] [0, 13, 1, 6] [5, 4, 18, 5] [16, 17, 7, 4] [8, 3, 2, 3] [4, 17, 13, 17] [15, 18, 12, 18] [5, 2, 4] [17, 15, 0, 7] [12, 16, 10, 19] [11, 15, 0, 11] [10, 8, 1, 8] [13, 19, 6, 19] [] [2, 12] 
[10, 13, 6, 19] [14, 12, 12] [6, 14, 2, 3] [14, 9, 15, 9] [7, 11, 10, 3] [14, 9, 8, 0] [11, 5, 16, 16] [7, 1, 1, 9] [0, 13, 1, 6] [5, 2, 18, 5] [16, 17, 7, 4] [8, 3, 2, 3] [4, 17, 13, 17] [15, 18, 12, 18] [18, 5, 4, 2] [17, 15, 0, 7] [12, 16, 10, 19] [11, 15, 0, 11] [10, 8, 1, 8] [13, 19, 6, 19] [] [4] 
[10, 13, 6, 19] [14, 12, 4, 12] [3, 6, 14, 2] [14, 9, 15, 9] [7, 11, 10, 3] [14, 9, 8, 0] [11, 5, 16, 16] [7, 1, 9, 1] [0, 13, 1, 6] [5, 2, 18, 5] [16, 17, 7, 4] [8, 3, 2, 3] [4, 17, 13, 17] [15, 18, 12] [18, 2, 4, 18] [17, 15, 0, 7] [12, 16, 10, 19] [11, 15, 0, 11] [10, 8, 1] [13, 19, 6, 19] [5] [8] 
[19, 2, 2, 17] [10, 12, 3] [9, 11, 2, 3] [8, 14, 5, 16] [11, 17, 16, 6] [12, 4, 8, 10] [18, 4, 7, 8] [1, 12, 10, 15] [7, 5, 11] [14, 1, 4, 7] [10, 5, 4, 15] [16, 0, 9, 1] [18, 16, 19, 2] [9, 18, 6, 8] [13, 1, 18, 14] [0, 13, 6, 17] [13, 7, 6] [14, 0, 15, 17] [9, 15, 13, 0] [5, 3, 11, 12] [19] [3, 19] 
[10, 13, 6, 19] [14, 12, 12] [6, 14, 2, 3] [14, 9, 15, 9] [7, 11, 10, 3] [14, 9, 8, 0] [11, 16, 16, 16] [1, 7, 1, 9] [0, 13, 1, 6] [5, 2, 18, 5] [16, 17, 7, 4] [8, 3, 2, 3] [4, 17, 13, 17] [18, 18, 12, 15] [5, 2, 4, 18] [17, 15, 0, 7] [12, 5, 10, 19] [11, 15, 0, 11] [10, 8, 1, 8] [13, 19, 6, 19] [] [4] 
[10, 13, 6, 19] [14, 12, 12] [6, 14, 2, 3] [14, 9, 15, 9] [7, 11, 10, 3] [8, 14, 9] [11, 16, 16, 16] [7, 1, 1, 9] [0, 13, 1, 6] [5, 2, 18, 5] [16, 17, 7, 4] [8, 3, 2, 3] [4, 17, 13, 17] [18, 18, 12, 15] [5, 2, 4, 18] [17, 15, 0, 7] [12, 5, 10, 19] [11, 15, 0, 11] [10, 8, 1, 8] [13, 19, 6, 19] [0] [4] 
[10, 13, 6, 4] [14, 12, 12, 1] [6, 14, 2, 3] [14, 9, 15, 9] [7, 11, 10, 3] [14, 9, 8, 0] [11, 16, 4, 16] [7, 1] [0, 13, 1, 6] [5, 2, 18, 5] [16, 17, 7, 16] [8, 3, 2, 3] [4, 17, 13, 17] [18, 18, 12, 15] [5, 2, 4, 18] [0, 15, 0, 7] [12, 5, 10, 19] [17, 11, 15, 11] [10, 8, 1, 8] [13, 19, 6, 19] [] [19, 9] 
[10, 13, 6, 4] [14, 12, 12] [6, 14, 2, 3] [14, 9, 15, 9] [7, 11, 10, 3] [14, 9, 8, 0] [11, 16, 16, 16] [7, 1, 1] [0, 13, 1, 6] [5, 2, 18, 5] [16, 17, 7, 4] [8, 3, 2, 3] [4, 17, 13, 17] [18, 18, 12, 15] [5, 2, 4, 18] [0, 15, 0, 7] [12, 5, 10, 19] [17, 11, 15, 11] [10, 8, 1, 8] [13, 19, 6, 19] [] [19, 9] 
[10, 13, 6, 19] [14, 12, 12] [6, 14, 2, 3] [14, 9, 15, 9] [7, 0, 10, 3] [14, 9, 8] [16, 16, 11, 16] [7, 1, 1, 9] [0, 13, 1, 6] [5, 2, 18, 5] [16, 17, 7, 4] [8, 3, 2, 3] [4, 17, 13, 17] [18, 18, 12, 15] [5, 2, 4, 18] [17, 15, 0, 7] [12, 5, 10, 19] [11, 15, 11, 11] [10, 8, 1, 8] [13, 19, 6, 19] [0] [4] 
